1.5  0.314117342233658  0.00408256705850363
4.5  0.510473966598511  0.00544675486162305
7.5  0.589490830898285  0.00570189766585827
10.5  0.623687326908112  0.0057457466609776
13.5  0.632695317268372  0.00570965558290481
16.5  0.636950969696045  0.00566714908927679
19.5  0.628348588943481  0.00557286990806461
22.5  0.624747931957245  0.00553193874657154
25.5  0.615135073661804  0.00544368708506227
28.5  0.606219172477722  0.00534787913784385
31.5  0.598412930965424  0.00529655953869224
34.5  0.590571999549866  0.00525043858215213
37.5  0.584880471229553  0.00517481146380305
40.5  0.578628242015839  0.00511673558503389
43.5  0.570272028446197  0.00506545603275299
46.5  0.559777319431305  0.00496727460995317
49.5  0.554032623767853  0.00492985220625996
52.5  0.545961201190948  0.00485428143292666
55.5  0.537421226501465  0.00477709481492639
58.5  0.531216740608215  0.0047476701438427
61.5  0.521126866340637  0.00465050991624594
64.5  0.5148766040802  0.00462169758975506
67.5  0.505832731723785  0.00452775089070201
70.5  0.495993942022324  0.00445112399756908
73.5  0.490273177623749  0.004422209225595
76.5  0.483918488025665  0.0043701808899641
79.5  0.476262956857681  0.00431198673322797
82.5  0.470128566026688  0.00426619965583086
85.5  0.462560445070267  0.00420843344181776
88.5  0.455821007490158  0.0041488497518003
91.5  0.44702610373497  0.00408263131976128
94.5  0.439996063709259  0.00403921585530043
97.5  0.433721125125885  0.00399591913446784
100.5  0.426683962345123  0.003941192291677
103.5  0.419841647148132  0.00389199098572135
106.5  0.413137942552567  0.00383390998467803
109.5  0.40490996837616  0.00377529906108975
112.5  0.402017414569855  0.00376733811572194
115.5  0.39615586400032  0.0037360810674727
118.5  0.386047035455704  0.00364738772623241
121.5  0.383392125368119  0.003641193266958
124.5  0.378223031759262  0.00359334703534842
127.5  0.371474713087082  0.00354339345358312
130.5  0.364823937416077  0.00350785162299871
133.5  0.360955208539963  0.00348084000870585
136.5  0.353729486465454  0.00342564517632127
139.5  0.348150789737701  0.00338390050455928
142.5  0.341826379299164  0.00334370112977922
145.5  0.336342364549637  0.00330052804201841
148.5  0.329704195261002  0.00325364037416875
151.5  0.326670587062836  0.00324809947051108
154.5  0.320635408163071  0.0031918257009238
157.5  0.314639031887054  0.00314823468215764
160.5  0.309808135032654  0.00311863888055086
163.5  0.304780423641205  0.00308194477111101
166.5  0.300778776407242  0.00304799363948405
169.5  0.296642124652863  0.00302302720956504
172.5  0.289086908102036  0.00297208107076585
175.5  0.284705430269241  0.00293048680759966
178.5  0.28206866979599  0.00290507287718356
181.5  0.276609480381012  0.00288832606747746
184.5  0.272293925285339  0.00286083552055061
187.5  0.268597215414047  0.00282456772401929
190.5  0.263984441757202  0.00279393955133856
193.5  0.259911864995956  0.00276009319350123
196.5  0.255378067493439  0.00272912136279047
199.5  0.251687854528427  0.00269672251306474
202.5  0.247591003775597  0.00267360196448863
205.5  0.241924703121185  0.00263134343549609
208.5  0.238276422023773  0.00259159738197923
211.5  0.233813837170601  0.00255783321335912
214.5  0.232029765844345  0.00255595054477453
217.5  0.22557407617569  0.00250823516398668
220.5  0.222667008638382  0.00248847808688879
223.5  0.220374330878258  0.00247809756547213
226.5  0.217539951205254  0.0024630397092551
229.5  0.213548645377159  0.00242407829500735
232.5  0.209207251667976  0.00238389242440462
235.5  0.206967264413834  0.00237997900694609
238.5  0.202890798449516  0.00235384097322822
241.5  0.20091201364994  0.00232319231145084
244.5  0.197557345032692  0.00231002643704414
247.5  0.193630903959274  0.00227883527986705
250.5  0.190364599227905  0.00225070491433144
253.5  0.186027273535728  0.00221617287024856
256.5  0.182980060577393  0.00219560647383332
259.5  0.180896610021591  0.00217868899926543
262.5  0.178132981061935  0.00215020449832082
265.5  0.176764443516731  0.00213291170075536
268.5  0.173404797911644  0.00211287871934474
271.5  0.169105365872383  0.00206744368188083
274.5  0.167981952428818  0.0020761291962117
277.5  0.165193870663643  0.00206437148153782
280.5  0.16366720199585  0.0020500875543803
283.5  0.160537347197533  0.00202400446869433
286.5  0.156438529491425  0.0019933395087719
289.5  0.154083162546158  0.00197267392650247
292.5  0.1515092253685  0.00195672549307346
295.5  0.149004384875298  0.00192583398893476
298.5  0.147781267762184  0.00191776815336198
