-43.5491523742676  0.00188646394291922  0.000276277887226483
-42.0474623441696  0.00181731094090766  0.000250719757858488
-40.5457723140717  0.00208930583006604  0.000294900323147336
-39.0440822839737  0.00212589365626334  0.000289091741112259
-37.5423922538757  0.00211767165523848  0.000292493737530122
-36.0407022237778  0.00219735136739763  0.000299860802908488
-34.5390121936798  0.00219490337172654  0.00029209906337873
-33.0373221635818  0.00231172805854704  0.000291046955229186
-31.5356321334839  0.00249513035832478  0.000317415290391936
-30.0339421033859  0.00242837759099176  0.000309682807978131
-28.532252073288  0.00256204667290568  0.000298218815985561
-27.03056204319  0.00269651153712711  0.000333899491077884
-25.528872013092  0.00278565003377636  0.000322610984519497
-24.0271819829941  0.00290743131813462  0.000317736469909808
-22.5254919528961  0.00325627774104971  0.000356182345281886
-21.0238019227982  0.00335708117475371  0.000354291965273677
-19.5221118927002  0.00393520352364964  0.00039451902340003
-18.0204218626022  0.00467739117068583  0.000437140644808126
-16.5187318325043  0.00520611374630718  0.000433076956491357
-15.0170418024063  0.00698002818037971  0.000530972732606612
-13.5153517723083  0.00933865126976455  0.000600278406234664
-12.0136617422104  0.0128054956174599  0.000699715329958779
-10.5119717121124  0.0188928716276205  0.00085438330245145
-9.01028168201447  0.0319326053620553  0.00114357039628305
-7.5085916519165  0.0570572255816246  0.00156157741669247
-6.00690162181854  0.117859033951254  0.00240047181245442
-4.50521159172058  0.215766439791038  0.00343300469997604
-3.00352156162262  0.276653670798537  0.00389580535826195
-1.50183153152466  0.301989594651704  0.00408434525286327
-0.000141501426696777  0.302124691539559  0.00403549017774464
1.50154852867126  0.29560598443024  0.00401169195609201
3.00323855876923  0.273009357933916  0.0038582572796703
4.50492858886719  0.216907440157087  0.00346560580130282
6.00661861896515  0.116842974512068  0.00239922208221861
7.50830864906311  0.0561446305509681  0.00153057260356399
9.00999867916107  0.0313257897695037  0.00112170433456017
10.511688709259  0.0186770923308607  0.000854538374083226
12.013378739357  0.012619989454909  0.000721020067490599
13.515068769455  0.00893709387240953  0.000572351658240908
15.0167587995529  0.00717568329643203  0.000547978897502275
16.5184488296509  0.00515880224684988  0.000437812163589105
18.0201388597488  0.00405422982852835  0.000374772699194724
19.5218288898468  0.00386362470157328  0.000376044060592344
21.0235189199448  0.00368915300345217  0.000370289123128034
22.5252089500427  0.00304899009349904  0.000335782054943001
24.0268989801407  0.00330277304473746  0.000371623976178308
25.5285890102386  0.00290795313242639  0.00033939763178765
27.0302790403366  0.00278783140824232  0.00033891326568866
28.5319690704346  0.00259083073038013  0.000317742562122433
30.0336591005325  0.00239285274930377  0.000298206179684797
31.5353491306305  0.0024235867489661  0.000302944288552763
33.0370391607285  0.00238279803013729  0.000314245236825496
34.5387291908264  0.00238958827135548  0.000312823111060662
36.0404192209244  0.00221995491458436  0.000301283737144725
37.5421092510223  0.00223826682646925  0.000314616157677121
39.0437992811203  0.00214607434784684  0.000297087806160809
40.5454893112183  0.00180404824735275  0.000267777138494985
42.0471793413162  0.00215449141644658  0.000299084141090905
43.5488693714142  0.00221413951639084  0.0003104088776086
