X	Y
0.000	182.94
0.339	186.88
0.677	193.44
1.016	200.62
1.355	208.81
1.694	215.12
2.032	220.56
2.371	226.44
2.710	232.38
3.048	235.69
3.387	241.19
3.726	250.00
4.064	257.69
4.403	272.75
4.742	294.44
5.081	315.81
5.419	336.44
5.758	370.56
6.097	407.88
6.435	447.12
6.774	498.62
7.113	565.44
7.451	640.69
7.790	743.75
8.129	889.75
8.467	1053.06
8.806	1231.25
9.145	1418.56
9.484	1596.00
9.822	1723.62
10.161	1819.25
10.500	1887.19
10.838	1950.44
11.177	2005.44
11.516	2036.94
11.854	2065.25
12.193	2090.12
12.532	2112.25
12.871	2126.88
13.209	2141.25
13.548	2163.00
13.887	2178.69
14.225	2185.12
14.564	2185.75
14.903	2191.62
15.241	2194.94
15.580	2196.62
15.919	2192.44
16.258	2186.19
16.596	2177.56
16.935	2168.62
17.274	2157.19
17.612	2147.06
17.951	2138.62
18.290	2137.81
18.628	2149.88
18.967	2165.56
19.306	2178.94
19.645	2191.94
19.983	2200.19
20.322	2202.81
20.661	2191.69
20.999	2178.00
21.338	2163.56
21.677	2156.94
22.015	2155.38
22.354	2142.75
22.693	2130.62
23.032	2116.50
23.370	2099.12
23.709	2087.25
24.048	2081.06
24.386	2061.50
24.725	2027.94
25.064	1981.88
25.403	1942.75
25.741	1873.75
26.080	1808.62
26.419	1718.75
26.757	1599.75
27.096	1462.38
27.435	1318.62
27.773	1153.00
28.112	1000.19
28.451	863.81
28.789	746.06
29.128	654.88
29.467	590.25
29.806	544.38
30.144	496.88
30.483	466.12
30.822	432.00
31.160	407.19
31.499	382.75
31.838	367.25
32.176	359.81
32.515	343.88
32.854	329.81
33.193	317.25
33.531	309.88
33.870	300.44
34.209	290.88
34.547	287.06
34.886	284.62
35.225	283.25
35.563	282.69
35.902	284.00
36.241	283.62
36.580	282.62
36.918	280.69
37.257	276.31
37.596	271.25
37.934	267.75
38.273	268.38
38.612	268.94
38.951	268.50
39.289	270.00
39.628	273.06
39.967	280.00
40.305	283.38
40.644	284.75
40.983	282.75
41.321	280.94
41.660	281.31
41.999	285.31
42.338	289.25
42.676	295.38
43.015	296.88
43.354	304.00
43.692	310.62
44.031	317.62
44.370	327.81
44.708	343.81
45.047	360.94
45.386	387.00
45.724	403.75
46.063	432.50
46.402	464.44
46.741	503.94
47.079	556.12
47.418	627.69
47.757	715.12
48.095	825.31
48.434	958.69
48.773	1124.88
49.111	1303.38
49.450	1472.62
49.789	1628.69
50.128	1750.06
50.466	1842.88
50.805	1912.69
51.144	1942.81
51.482	1984.81
51.821	2025.31
52.160	2063.44
52.499	2102.00
52.837	2121.00
53.176	2131.38
53.515	2136.88
53.853	2139.06
54.192	2137.50
54.531	2139.50
54.869	2141.62
55.208	2138.62
55.547	2138.38
55.886	2150.31
56.224	2170.38
56.563	2179.44
56.902	2186.12
57.240	2191.12
57.579	2196.56
57.918	2199.00
58.256	2192.56
58.595	2184.62
58.934	2183.81
59.272	2190.69
59.611	2196.94
59.950	2193.38
60.289	2190.62
60.627	2187.19
60.966	2176.06
61.305	2174.19
61.643	2167.88
61.982	2164.00
62.321	2158.81
62.660	2134.75
62.998	2118.31
63.337	2100.31
63.676	2078.00
64.014	2053.94
64.353	2019.81
64.692	1974.56
65.030	1944.56
65.369	1915.56
65.708	1871.88
66.047	1811.94
66.385	1728.81
66.724	1633.88
67.063	1545.19
67.401	1410.12
67.740	1254.94
68.079	1110.06
68.417	985.38
68.756	865.12
69.095	759.06
69.434	670.44
69.772	596.56
70.111	546.50
70.450	499.19
70.788	460.38
71.127	430.81
71.466	407.81
71.804	387.31
72.143	369.50
72.482	359.62
72.821	347.38
73.159	337.12
73.498	330.50
73.837	325.25
74.175	319.50
74.514	316.94
74.853	313.62
75.191	311.50
75.530	310.06
75.869	308.62
76.207	305.19
76.546	301.50
76.885	297.75
77.224	296.81
77.562	295.81
77.901	295.31
78.240	294.50
78.578	295.19
78.917	295.25
79.256	293.94
79.594	291.50
79.933	288.31
80.272	286.50
80.611	287.44
80.949	290.56
81.288	292.38
81.627	299.31
81.965	305.50
82.304	311.88
82.643	319.00
82.981	326.69
83.320	330.88
83.659	336.81
83.998	347.81
84.336	355.12
84.675	362.81
85.014	376.88
85.352	395.00
85.691	416.94
86.030	441.25
86.368	468.19
86.707	494.56
87.046	535.81
87.385	583.50
87.723	654.06
88.062	750.25
88.401	863.88
88.739	1015.12
89.078	1182.50
89.417	1349.31
89.756	1504.12
90.094	1629.31
90.433	1731.00
90.772	1818.69
91.110	1889.38
91.449	1956.56
91.788	1991.50
92.126	2025.06
92.465	2043.94
92.804	2057.88
93.143	2067.62
93.481	2076.00
93.820	2084.94
94.159	2100.44
94.497	2113.69
94.836	2126.50
95.175	2131.88
95.513	2135.25
95.852	2140.69
96.191	2147.69
96.530	2148.31
96.868	2148.44
97.207	2145.44
97.546	2151.81
97.884	2153.00
98.223	2157.69
98.562	2151.75
98.900	2147.62
99.239	2140.31
99.578	2130.75
99.916	2119.38
100.255	2110.00
100.594	2104.44
100.933	2103.81
101.271	2098.69
101.610	2094.56
101.949	2092.56
102.287	2092.19
102.626	2095.75
102.965	2088.69
103.303	2075.12
103.642	2061.62
103.981	2045.75
104.320	2026.50
104.658	2014.62
104.997	1968.31
105.336	1926.94
105.674	1893.25
106.013	1832.12
106.352	1753.62
106.690	1646.69
107.029	1532.31
107.368	1390.75
107.707	1257.25
108.045	1104.25
108.384	961.12
108.723	840.44
109.061	742.50
109.400	655.56
109.739	595.19
110.077	536.56
110.416	490.38
110.755	449.19
111.094	425.94
111.432	409.50
111.771	385.94
112.110	365.31
112.448	352.69
112.787	344.50
113.126	331.94
113.465	324.38
113.803	313.94
114.142	306.81
114.481	300.00
114.819	291.31
115.158	281.81
115.497	279.50
115.835	282.69
116.174	284.12
116.513	284.56
116.852	283.25
117.190	283.00
117.529	281.88
117.868	281.75
118.206	280.50
118.545	279.69
118.884	277.31
119.222	277.62
119.561	278.12
119.900	277.25
120.239	276.50
120.577	276.31
120.916	276.00
121.255	276.50
121.593	279.81
121.932	282.38
122.271	288.56
122.609	293.00
122.948	299.56
123.287	306.75
123.626	319.44
123.964	328.06
124.303	337.25
124.642	353.88
124.980	375.25
125.319	390.88
125.658	415.38
125.996	438.00
126.335	460.88
126.674	490.44
127.012	519.75
127.351	574.56
127.690	640.88
128.029	725.62
128.367	838.56
128.706	985.31
129.045	1145.12
129.383	1326.38
129.722	1506.06
130.061	1650.12
130.400	1770.50
130.738	1850.31
131.077	1910.81
131.416	1963.00
131.754	2013.31
132.093	2049.50
132.432	2083.31
132.770	2110.31
133.109	2131.69
133.448	2145.25
133.786	2161.81
134.125	2166.75
134.464	2170.69
134.803	2174.69
135.141	2187.94
135.480	2188.44
135.819	2176.44
136.157	2158.06
136.496	2139.94
136.835	2131.50
137.173	2131.00
137.512	2133.25
137.851	2141.19
138.190	2151.00
138.528	2165.19
138.867	2176.75
139.206	2187.56
139.544	2198.06
139.883	2199.19
140.222	2192.06
140.561	2182.12
140.899	2172.81
141.238	2163.88
141.577	2151.56
141.915	2146.44
142.254	2145.88
142.593	2140.38
142.931	2126.50
143.270	2108.75
143.609	2095.38
143.947	2065.25
144.286	2042.62
144.625	2020.12
144.964	1983.94
145.302	1953.44
145.641	1913.62
145.980	1856.19
146.318	1783.19
146.657	1695.50
146.996	1586.00
147.335	1463.88
147.673	1325.12
148.012	1183.12
148.351	1043.94
148.689	910.25
149.028	788.31
149.367	696.06
149.705	617.38
150.044	554.69
150.383	503.81
150.721	466.12
151.060	436.00
151.399	406.44
151.738	384.31
152.076	366.31
152.415	349.81
152.754	336.88
153.092	330.62
153.431	321.44
153.770	313.56
154.109	304.88
154.447	295.06
154.786	290.19
155.125	280.88
155.463	274.38
155.802	270.88
156.141	266.62
156.479	259.50
156.818	254.81
157.157	252.88
157.495	249.81
157.834	246.50
158.173	244.75
158.512	245.50
158.850	250.00
159.189	252.56
159.528	254.12
159.866	257.12
160.205	258.00
160.544	259.75
160.883	263.31
161.221	266.75
161.560	269.75
161.899	273.12
162.237	279.50
162.576	281.81
162.915	284.31
163.253	288.25
163.592	293.25
163.931	300.69
164.270	308.19
164.608	327.00
164.947	343.00
165.286	358.06
165.624	375.94
165.963	392.75
166.302	413.19
166.640	434.38
166.979	464.75
167.318	500.56
167.656	558.06
167.995	630.12
168.334	728.00
168.673	846.62
169.011	1001.38
169.350	1190.19
169.689	1373.12
170.027	1549.25
170.366	1680.81
170.705	1792.50
171.044	1873.44
171.382	1924.75
171.721	1969.38
172.060	2009.38
172.398	2053.00
172.737	2069.69
173.076	2085.88
173.414	2105.25
173.753	2121.50
174.092	2140.06
174.430	2171.38
174.769	2191.38
175.108	2202.88
175.447	2199.25
175.785	2203.06
176.124	2206.94
176.463	2207.31
176.801	2206.12
177.140	2198.50
177.479	2191.44
177.818	2186.69
178.156	2195.50
178.495	2197.62
178.834	2199.12
179.172	2198.31
179.511	2203.94
179.850	2210.31
180.188	2210.81
180.527	2201.06
180.866	2179.62
181.204	2169.50
181.543	2164.94
181.882	2154.00
182.221	2142.44
182.559	2133.44
182.898	2110.31
183.237	2090.38
183.575	2070.19
183.914	2065.56
184.253	2058.44
184.592	2040.75
184.930	2020.69
185.269	1996.75
185.608	1966.81
185.946	1929.06
186.285	1866.88
186.624	1793.62
186.962	1698.56
187.301	1580.81
187.640	1436.31
187.979	1302.25
188.317	1152.25
188.656	988.56
188.995	842.81
189.333	716.50
189.672	627.75
190.011	547.25
190.349	492.12
190.688	437.56
191.027	405.25
191.365	371.81
191.704	342.31
192.043	319.06
192.382	300.62
192.720	285.38
193.059	273.00
193.398	260.94
193.736	252.31
194.075	240.88
194.414	228.38
194.753	220.25
195.091	206.31
195.430	202.06
195.769	199.94
196.107	196.06
196.446	189.88
196.785	186.56
197.123	183.31
197.462	180.38
197.801	177.94
